inprogress
11
10
6
100 90.1364 93.0081 90.7608 92.1202 93.1333 93.8289 
100 97.0909 107.101 113.637 118.984 130.344 135.545 
100 95.1818 109.169 114.13 124.155 124.318 131.394 
100 94.6364 106.319 116.035 118.147 130.282 143.195 
100 129.727 118.226 120.097 118.112 109.937 112.16 
100 93.4545 110.886 124.258 132.375 139.8 142.388 
100 103.818 93.292 93.7658 98.3399 100.04 105.553 
100 105.727 94.7289 95.6129 97.274 105.122 102.038 
100 112.136 111.1 112.188 119.877 125.483 137.502 
100 91.7273 94.6231 101.735 110.873 122.901 132.509 
100 116.727 133.366 133.657 131.231 128.407 125.33 
6 0 0 0 10 0 0 6 0 0 0 
0 2 4 4 0 3 2 0 5 2 0 
0 0 8 0 0 3 4 0 4 3 0 
0 3 0 6 0 3 3 0 3 4 0 
6 0 0 3 7 0 0 6 0 0 0 
0 5 0 3 0 6 1 0 4 3 0 
0 3 7 6 0 0 3 0 3 0 0 
6 0 0 0 6 0 0 5 0 5 0 
0 5 3 3 0 4 1 0 3 3 0 
0 3 3 3 0 2 4 0 3 4 0 
0 0 0 0 0 0 0 0 0 0 22 
1 0 0 0 0 0 0 0 0 0 0 
0 1 0 0 0 0 0 0 0 0 0 
0 0 1 0 0 0 0 0 0 0 0 
0 0 0 1 0 0 0 0 0 0 0 
0 0 0 0 1 0 0 0 0 0 0 
0 0 0 0 0 1 0 0 0 0 0 
0 0 0 0 0 0 1 0 0 0 0 
0 0 0 0 0 0 0 1 0 0 0 
0 0 0 0 0 0 0 0 1 0 0 
0 0 0 0 0 0 0 0 0 1 0 
0 0 0 0 0 0 0 0 0 0 1 
7.77273 0 0 0 0 2.36364 0 0 0 0 0 
0 1.72727 0 4.72727 0 0 2.36364 0 5.90909 2.36364 0 
0 5.90909 6.90909 0 0 1.18182 0 1.18182 0 0 0 
0 0 0 5.18182 0 2.36364 1.18182 3.54545 0 2.36364 0 
5.90909 0 0 3.54545 19 5.90909 0 3.54545 7.09091 4.72727 0 
0 5.90909 0 0 0 5.18182 0 0 1.18182 1.18182 0 
0 0 4.72727 3.54545 0 0 15.5455 0 0 0 0 
9.45455 0 3.54545 0 0 0 0 10.3636 0 2.36364 0 
0 7.09091 5.90909 4.72727 0 7.09091 0 3.54545 2.59091 1.18182 0 
0 0 1.18182 2.36364 0 0 1.18182 0 3.54545 3.45455 0 
0 4.72727 1.18182 0 0 0 0 0 4.72727 7.09091 19 
10.5069 0 0 0 9.19884 1.80529 0 7.49702 0 0 0 
0 3.02072 6.74926 3.63233 0 11.0446 3.12758 0 11.5692 3.9575 0 
0 6.89174 11.8997 0 0 2.00711 7.36165 8.45613 5.30099 3.25215 0 
0 6.88463 2.24975 8.88547 0 2.90975 7.08503 2.87731 5.30099 6.1256 0 
4.4369 0 0 2.72425 23.9167 4.51323 0 9.12483 5.93152 3.5788 0 
0 5.74431 3.37463 8.94744 9.19884 8.8004 1.22694 0 7.61483 1.97875 0 
0 0 3.64236 2.72425 0 0 19.6733 0 0 3.25215 0 
7.09905 0 2.73177 0 6.13256 0 0 12.9761 0 1.7894 0 
0 13.5483 6.80271 3.63233 0 7.6248 1.22694 2.87731 5.07264 6.31495 0 
0 4.58975 2.03547 10.7636 0 2.20893 0.950321 0 4.29101 5.78404 0 
17.044 3.67749 0.910591 0 0 0 0 0 3.95435 5.3682 38.4112 
13.2062 0 0 0 12.5031 1.54366 0 12.3078 0 0 0 
0 4.34296 9.55715 8.04843 0 14.7162 2.33494 0 16.9245 6.51322 0 
0 9.48392 17.56 0 0 4.34021 11.0099 6.30508 9.39887 4.83186 0 
0 9.48139 3.18572 12.9096 0 9.04345 9.7005 2.14342 6.77288 11.5983 0 
16.7321 0 0 2.26685 25.0276 3.85916 0 13.5194 4.63554 2.85639 0 
0 12.3338 5.42367 9.97049 13.9003 13.2842 3.12128 0 11.2082 3.81575 0 
0 0 6.9335 7.29282 0 0 17.91 5.59762 0 4.83186 0 
10.0637 0 6.16776 0 12.9928 0 0 13.7605 0 1.42819 0 
0 17.5106 5.72422 6.79194 0 10.4573 3.12128 2.14342 6.84506 8.39444 0 
0 7.58667 4.29387 12.7382 0 4.5158 6.22208 0 7.29349 7.88493 0 
13.6035 3.03358 0.765737 0 0 0 0 0 3.09036 4.28458 57.6797 
14.9614 0 0 0 18.4172 1.28531 0 16.4963 0 0 0 
0 5.47684 11.7219 12.0909 0 16.6697 1.84067 0 21.3138 8.91058 0 
0 7.67342 21.9874 0 4.25799 8.01906 14.2155 10.6301 10.0711 6.34001 0 
0 11.7013 2.55849 16.6115 0 13.4011 7.64347 1.69275 9.3243 14.2545 0 
21.574 0 0 1.86044 27.0695 3.21327 0 17.4531 3.65771 2.32403 0 
0 19.3797 7.05337 10.932 11.0073 17.5023 4.67499 0 14.1509 6.71418 0 
0 2.68598 10.9631 11.4707 0 0 18.9748 4.4171 1.32586 7.54233 0 
16.4015 0 4.95294 0 18.8036 0 0 14.9939 0 1.16201 0 
0 20.8836 8.64353 9.68832 0 14.5814 4.67499 1.69275 8.30955 10.4433 0 
0 10.1679 6.14586 14.5749 0 6.6982 12.6572 0 9.73393 9.93472 0 
10.5597 2.45434 0.614932 0 0 0 0 0 2.43847 3.48604 70.718 
16.6175 0 0 0 22.7348 1.04283 0 19.9701 0 0 0 
0 6.45708 14.0118 15.1666 0 21.3474 4.96646 0 24.3871 11.2395 0 
0 6.16748 26.6007 1.39629 3.31767 9.63229 11.4322 14.1728 11.0087 7.82179 0 
0 15.0296 2.09811 19.2847 0 15.5618 15.4438 1.34201 11.8194 16.9342 0 
19.2542 0 0 1.47417 28.2308 2.60708 0 20.7286 2.97024 1.90414 0 
0 22.6065 10.1839 14.246 8.58628 21.0566 3.75991 0 17.1546 9.43807 0 
0 4.97102 13.386 11.8827 0 0 19.5043 3.49985 3.91001 10.1182 0 
28.2251 0 4.05924 0 23.0335 0 0 16.0841 0 0.952071 0 
0 25.222 11.4869 10.4701 0 18.0848 3.75991 1.34201 9.85192 12.4978 0 
0 12.3908 7.97163 15.7365 4.18761 8.56193 17.1535 0 12.1531 11.9784 0 
8.35902 1.97262 0.504067 0 0 0 0 0 1.98016 2.85621 79.9665 
17.9515 0 0 0 25.0726 0.841938 0 23.7485 0 0 0 
0 7.56115 11.0037 17.1299 0 25.4922 7.48084 0 27.0047 13.6585 0 
0 11.2347 29.4813 1.15169 2.52043 7.77369 17.3318 11.563 13.2919 10.8313 0 
0 18.5216 1.6469 22.6622 3.89777 17.5159 19.3264 1.09373 13.9431 18.3727 0 
26.2146 0 0 1.21647 28.0832 2.10485 0 24.3667 2.38613 1.57396 0 
0 23.2087 12.4063 16.3764 6.5381 24.2393 2.97796 0 19.7117 10.7148 0 
0 7.16744 16.3915 14.421 0 1.65218 18.0437 2.85571 4.62384 14.1837 0 
28.8934 0 3.18775 0 25.2959 0 0 17.6593 0 0.786979 0 
0 28.4431 14.8989 13.256 0 21.2046 6.52484 1.09373 11.165 14.7012 0 
0 13.2703 10.6691 19.1459 3.17668 11.8668 13.5844 6.21175 14.2114 14.1581 0 
6.60325 1.62237 0.395793 0 0 0 0 0 1.59075 2.36094 86.5429 
